1451
1755
1058
378
217
1083
332
1780
1229
445
1204
429
637
713
1401
995
56
292
1236
1716
443
1721
1214
904
949
1174
36
1092
1298
67
403
331
393
846
602
1622
795
1480
1981
1811
1172
1504
1037
669
1329
194
1282
897
793
1519
1124
868
1739
971
178
1321
1197
559
1867
233
571
1689
132
115
402
237
40
336
1777
262
874
1034
444
1722
1661
200
1847
337
213
1129
413
1834
1430
418
111
243
1544
919
665
566
1841
94
1111
1996
146
1280
1916
848
274
1492
1198
48
1100
1685
1669
442
819
823
1695
592
1228
754
747
1279
1146
1809
1868
1123
376
1215
646
1627
1384
88
1505
1456
1563
1375
1927
1463
60
557
1158
1484
1698
142
1313
1319
169
865
1606
1693
1977
1346
1893
1880
46
1919
1905
702
1990
889
335
718
1678
503
1723
1762
377
348
1173
164
1266
1033
362
698
1302
1458
1828
679
1180
250
101
538
1385
1114
1593
758
1272
1015
1392
478
382
703
1877
1270
859
120
1031
1578
830
1603
658
58
1431
1175
1850
156
490
244
1442
1274
801
574
735
589
840
1171
1934
1098
1382
1892
1106
567
550
256
970
1645
943
935
1109
1211
457
271
29
1956
1013
18
1073
1150
553
1294
1233
565
1734
512
86
596
699
33
108
677
879
1922
25
701
1819
524
1786
504
983
1144
1396
992
1861
928
727
1590
1128
1602
1885
581
1766
1207
1064
636
87
671
534
1185
278
1959
611
786
1495
1315
118
113
357
281
1944
204
956
1091
1876
959
1362
684
924
1029
1923
542
424
1055
573
1227
1732
353
833
807
191
1792
1825
3
1573
470
986
184
938
1538
229
1380
61
270
1524
1652
1789
1293
531
1239
1039
619
1281
91
799
1464
1265
623
450
1192
668
690
1044
79
1978
1359
1744
1686
1104
417
288
1970
1267
41
1826
652
513
627
334
962
876
1671
1897
991
1642
1415
1749
1634
221
769
197
1824
788
104
790
75
546
1596
936
1542
351
1254
327
491
1030
1664
1452
1764
1355
181
1337
719
1209
1066
71
1297
987
981
1557
826
99
211
511
1984
892
157
1145
916
1793
1545
1539
1054
1141
405
496
1508
1325
130
1065
1462
1202
994
1604
1373
1398
1605
1350
372
1528
30
501
1389
902
780
850
818
577
855
1886
1636
16
325
1349
770
17
70
1947
318
1659
708
123
771
1388
1253
1973
1591
352
990
1420
1444
1517
228
1041
1284
1240
599
1234
412
1482
1796
1772
188
1697
73
714
1381
1986
1310
929
186
1248
721
1372
1417
428
582
1156
1216
349
173
1005
1804
1468
817
179
667
183
1467
1188
1700
1134
1193
1135
731
680
440
321
1657
389
1035
